0 1407 104 2
1 1410 104 2
2 1525 104 1
3 1597 104 1
4 1778 104 1
5 1804 104 2
6 1868 104 1
7 2041 104 1
8 2162 104 2
9 2080 104 4
10 2250 104 3
11 2350 104 4
12 2124 104 1
13 2305 104 1
14 2507 104 2
15 2303 104 1
16 2525 104 2
17 2487 104 2
18 2520 104 4
19 2430 104 1
20 2162 104 1
21 2417 104 3
22 2296 104 4
23 2301 104 5
24 2321 104 6
25 2294 104 5
26 2272 104 6
27 2268 104 6
28 2161 104 5
29 2281 104 7
30 2273 104 7
31 2313 104 4
32 2232 104 2
33 2327 104 4
34 2277 104 8
35 2319 104 8
36 2310 104 11
37 2304 104 10
38 2349 104 7
39 2317 104 10
40 2353 104 8
41 2292 104 7
42 2384 104 9
43 2395 104 7
44 2332 104 9
45 2275 104 8
46 2366 104 9
47 2344 104 9
48 2411 104 6
49 2436 104 9
50 2406 104 7
51 2316 104 6
52 2385 104 8
53 2466 104 8
54 2382 104 5
55 2426 104 10
56 2456 104 9
57 2485 104 11
58 2384 104 10
59 2454 104 10
60 2433 104 9
61 2383 104 8
62 2412 104 11
63 2429 104 9
64 2361 104 11
65 2403 104 9
66 2365 104 8
67 2267 104 7
68 2314 104 8
69 2368 104 10
70 2323 104 8
71 2316 104 7
72 2380 104 9
73 2316 104 7
74 2265 104 7
75 2326 104 9
76 2082 104 9
77 2275 104 9
78 2306 104 6
79 2221 104 9
80 2241 104 9
81 2237 104 10
82 2278 104 9
83 2306 104 11
84 2331 104 11
85 2393 104 10
86 2283 104 9
87 2356 104 10
88 2368 104 11
89 2073 104 10
90 2178 104 7
91 2346 104 8
92 2101 104 11
93 2332 104 10
94 2473 104 10
95 2257 104 12
96 2209 104 9
97 2373 104 10
98 2410 104 11
99 2387 104 7
100 2304 104 9
101 2247 104 10
102 2380 104 9
103 2195 104 10
104 2277 104 12
105 2394 104 11
106 2437 104 12
107 2360 104 13
108 2246 104 9
109 2399 104 12
110 2447 104 8
111 2389 104 8
112 2446 104 11
113 2461 104 12
114 2348 104 11
115 2376 104 9
116 2511 104 12
117 2373 104 13
118 2467 104 10
119 2447 104 11
120 2541 104 8
121 2451 104 10
122 2475 104 14
123 2542 104 16
124 2396 104 12
125 2362 104 12
126 2365 104 14
127 2444 104 15
128 2375 104 16
129 2579 104 15
130 2576 104 14
131 2470 104 14
132 2327 104 12
133 2585 104 15
134 2609 104 17
135 2482 104 14
136 2619 104 18
137 2661 104 17
138 2592 104 17
139 2507 104 16
140 2698 104 14
141 2609 104 16
142 2663 104 15
143 2708 104 18
144 2627 104 16
145 2564 104 17
146 2807 104 20
147 2468 104 15
148 2675 104 18
149 2339 104 14
150 2454 104 12
151 2495 104 19
152 2576 104 21
153 2696 104 22
154 2306 104 16
155 2493 104 20
156 2880 104 19
157 2748 104 23
158 2149 104 16
159 2660 104 22
160 2357 104 16
161 2130 104 10
162 2851 104 22
163 2619 104 19
164 2465 104 20
165 2741 104 24